$ANSIBLE_VAULT;1.1;AES256
33323536666362656638336163653561663862316361383266646337346664666338303738643431
3330333030643866666230373065316333373232633738610a623064366437323137373437353839
66663136393261643832366437653932353838386462626537346365343531393835666162653638
6164623163386637350a373531616662346461383162346338383233343835643561353335643966
66373864653262393263393862346136643065306361353963383862663465623031376165333834
32393964613565303766643337333666393437616262336433386165653337363565353738343531
37306664623765386438656561313831376536636434326436343631313733333230343635316230
64353431616466313561313264346136666633346364333363316266336136643762303662363739
33646133303536303865373463303233383034363235663434316437626563363361323831396438
61356466383038333061396465326631613035356437386665623338626634663332373461616561
30613362363662306237376331363035393931633338343332346339656138363566383330666134
31383338626538623835373535653166333636303135356134303565386465643031663939343234
31346632336662663730343836653235376639353661663231363666333861326339666137373663
66313363613339666263666630623934646464626634623434316131386466666266363137656233
65386464623532653535613839303732316364623236653436313861376562336261373166306634
66306130386534623762616536356238633131393162343537616262313464386466303963623264
32396164313866323235393238643539376165643734643331373236393166663133323937623532
36643136303062643331623064326134633232313464313361333339616432666363373463623634
30383431663538393634383931346534366130623836646133633330616133633233396665613630
39363266653035353237306632626562383464346462366332306164356462633832383661653563
30386238653634303839316237333139383264353537376266633835636431393837393237613338
63343864373333303962666439616664383636333933313639363838376136333232353461303334
33656239333865326636623737376537386330393939623937343865393761393132616164373132
65396266343437333364643265343462383332346436396536316638313936373564623733366262
65663734333765633335633765323330643536303232623031343034663865643432633963383063
64313034343763653335623138343139306262653335343739356463306236323338353263633461
37666465386330353639616538656433313438303335366436353031623363353738333138626439
39313737393464343138383633313266336535393861303438396235653233306430393830343266
61633565303335636365333134386262666664636330353265623865333136316266663865643365
37633833663639343562353030633062646637643666623038336632376137646637393639383137
31633463356333346662653237376362326633616565336162396533633135633739343836313138
38383439376130646263636636366637353636306433353430656263333363376539623435313835
36393138613662303961363537316164373838653966633064303135383066323732386539666264
31393438666637336639343035636565656266626533383764643339633165623130666165323136
38326231613562346663316362333230623338633534363836613135663232623831636539393566
39383838313934636531653639623333376234386665623939333137343966333137376261376264
61616437613438633338326136656435306132313936333833366531356235616465353436633765
3963346361303933396236663535663366363564323739623765
